Results: 	[[0.6107], [0.5931], [0.5977]]	
Results: 	[[0.6107, 0.6131], [0.5931, 0.5815], [0.5977, 0.5978]]	
Results: 	[[0.6107, 0.6131, 0.6067], [0.5931, 0.5815, 0.5754], [0.5977, 0.5978, 0.5899]]	
Results: 	[[0.6107, 0.6131, 0.6067, 0.6276], [0.5931, 0.5815, 0.5754, 0.577], [0.5977, 0.5978, 0.5899, 0.6043]]	
Results: 	[[0.6107, 0.6131, 0.6067, 0.6276, 0.6178], [0.5931, 0.5815, 0.5754, 0.577, 0.5627], [0.5977, 0.5978, 0.5899, 0.6043, 0.6086]]	
Results: 	[[0.6107, 0.6131, 0.6067, 0.6276, 0.6178, 0.6153], [0.5931, 0.5815, 0.5754, 0.577, 0.5627, 0.5853], [0.5977, 0.5978, 0.5899, 0.6043, 0.6086, 0.6076]]	
Results: 	[[0.6107, 0.6131, 0.6067, 0.6276, 0.6178, 0.6153, 0.6219], [0.5931, 0.5815, 0.5754, 0.577, 0.5627, 0.5853, 0.5656], [0.5977, 0.5978, 0.5899, 0.6043, 0.6086, 0.6076, 0.5877]]	
Results: 	[[0.6107, 0.6131, 0.6067, 0.6276, 0.6178, 0.6153, 0.6219, 0.6131], [0.5931, 0.5815, 0.5754, 0.577, 0.5627, 0.5853, 0.5656, 0.5811], [0.5977, 0.5978, 0.5899, 0.6043, 0.6086, 0.6076, 0.5877, 0.5809]]	
Results: 	[[0.6107, 0.6131, 0.6067, 0.6276, 0.6178, 0.6153, 0.6219, 0.6131, 0.6044], [0.5931, 0.5815, 0.5754, 0.577, 0.5627, 0.5853, 0.5656, 0.5811, 0.5907], [0.5977, 0.5978, 0.5899, 0.6043, 0.6086, 0.6076, 0.5877, 0.5809, 0.5835]]	
Results: 	[[0.6107, 0.6131, 0.6067, 0.6276, 0.6178, 0.6153, 0.6219, 0.6131, 0.6044, 0.6099], [0.5931, 0.5815, 0.5754, 0.577, 0.5627, 0.5853, 0.5656, 0.5811, 0.5907, 0.5631], [0.5977, 0.5978, 0.5899, 0.6043, 0.6086, 0.6076, 0.5877, 0.5809, 0.5835, 0.6024]]	
Results: 	[[0.6107, 0.6131, 0.6067, 0.6276, 0.6178, 0.6153, 0.6219, 0.6131, 0.6044, 0.6099, 0.6159], [0.5931, 0.5815, 0.5754, 0.577, 0.5627, 0.5853, 0.5656, 0.5811, 0.5907, 0.5631, 0.5663], [0.5977, 0.5978, 0.5899, 0.6043, 0.6086, 0.6076, 0.5877, 0.5809, 0.5835, 0.6024, 0.5905]]	
Results: 	[[0.6107, 0.6131, 0.6067, 0.6276, 0.6178, 0.6153, 0.6219, 0.6131, 0.6044, 0.6099, 0.6159, 0.6132], [0.5931, 0.5815, 0.5754, 0.577, 0.5627, 0.5853, 0.5656, 0.5811, 0.5907, 0.5631, 0.5663, 0.569], [0.5977, 0.5978, 0.5899, 0.6043, 0.6086, 0.6076, 0.5877, 0.5809, 0.5835, 0.6024, 0.5905, 0.5855]]	
Results: 	[[0.6107, 0.6131, 0.6067, 0.6276, 0.6178, 0.6153, 0.6219, 0.6131, 0.6044, 0.6099, 0.6159, 0.6132, 0.6185], [0.5931, 0.5815, 0.5754, 0.577, 0.5627, 0.5853, 0.5656, 0.5811, 0.5907, 0.5631, 0.5663, 0.569, 0.5882], [0.5977, 0.5978, 0.5899, 0.6043, 0.6086, 0.6076, 0.5877, 0.5809, 0.5835, 0.6024, 0.5905, 0.5855, 0.5882]]	
Results: 	[[0.6107, 0.6131, 0.6067, 0.6276, 0.6178, 0.6153, 0.6219, 0.6131, 0.6044, 0.6099, 0.6159, 0.6132, 0.6185, 0.6044], [0.5931, 0.5815, 0.5754, 0.577, 0.5627, 0.5853, 0.5656, 0.5811, 0.5907, 0.5631, 0.5663, 0.569, 0.5882, 0.5659], [0.5977, 0.5978, 0.5899, 0.6043, 0.6086, 0.6076, 0.5877, 0.5809, 0.5835, 0.6024, 0.5905, 0.5855, 0.5882, 0.5751]]	
Results: 	[[0.6107, 0.6131, 0.6067, 0.6276, 0.6178, 0.6153, 0.6219, 0.6131, 0.6044, 0.6099, 0.6159, 0.6132, 0.6185, 0.6044, 0.6161], [0.5931, 0.5815, 0.5754, 0.577, 0.5627, 0.5853, 0.5656, 0.5811, 0.5907, 0.5631, 0.5663, 0.569, 0.5882, 0.5659, 0.5812], [0.5977, 0.5978, 0.5899, 0.6043, 0.6086, 0.6076, 0.5877, 0.5809, 0.5835, 0.6024, 0.5905, 0.5855, 0.5882, 0.5751, 0.5787]]	
Results: 	[[0.6107, 0.6131, 0.6067, 0.6276, 0.6178, 0.6153, 0.6219, 0.6131, 0.6044, 0.6099, 0.6159, 0.6132, 0.6185, 0.6044, 0.6161, 0.6328], [0.5931, 0.5815, 0.5754, 0.577, 0.5627, 0.5853, 0.5656, 0.5811, 0.5907, 0.5631, 0.5663, 0.569, 0.5882, 0.5659, 0.5812, 0.568], [0.5977, 0.5978, 0.5899, 0.6043, 0.6086, 0.6076, 0.5877, 0.5809, 0.5835, 0.6024, 0.5905, 0.5855, 0.5882, 0.5751, 0.5787, 0.583]]	
Results: 	[[0.6107, 0.6131, 0.6067, 0.6276, 0.6178, 0.6153, 0.6219, 0.6131, 0.6044, 0.6099, 0.6159, 0.6132, 0.6185, 0.6044, 0.6161, 0.6328, 0.5929], [0.5931, 0.5815, 0.5754, 0.577, 0.5627, 0.5853, 0.5656, 0.5811, 0.5907, 0.5631, 0.5663, 0.569, 0.5882, 0.5659, 0.5812, 0.568, 0.5703], [0.5977, 0.5978, 0.5899, 0.6043, 0.6086, 0.6076, 0.5877, 0.5809, 0.5835, 0.6024, 0.5905, 0.5855, 0.5882, 0.5751, 0.5787, 0.583, 0.5858]]	
Results: 	[[0.6107, 0.6131, 0.6067, 0.6276, 0.6178, 0.6153, 0.6219, 0.6131, 0.6044, 0.6099, 0.6159, 0.6132, 0.6185, 0.6044, 0.6161, 0.6328, 0.5929, 0.61], [0.5931, 0.5815, 0.5754, 0.577, 0.5627, 0.5853, 0.5656, 0.5811, 0.5907, 0.5631, 0.5663, 0.569, 0.5882, 0.5659, 0.5812, 0.568, 0.5703, 0.593], [0.5977, 0.5978, 0.5899, 0.6043, 0.6086, 0.6076, 0.5877, 0.5809, 0.5835, 0.6024, 0.5905, 0.5855, 0.5882, 0.5751, 0.5787, 0.583, 0.5858, 0.601]]	
Results: 	[[0.6107, 0.6131, 0.6067, 0.6276, 0.6178, 0.6153, 0.6219, 0.6131, 0.6044, 0.6099, 0.6159, 0.6132, 0.6185, 0.6044, 0.6161, 0.6328, 0.5929, 0.61, 0.6056], [0.5931, 0.5815, 0.5754, 0.577, 0.5627, 0.5853, 0.5656, 0.5811, 0.5907, 0.5631, 0.5663, 0.569, 0.5882, 0.5659, 0.5812, 0.568, 0.5703, 0.593, 0.5889], [0.5977, 0.5978, 0.5899, 0.6043, 0.6086, 0.6076, 0.5877, 0.5809, 0.5835, 0.6024, 0.5905, 0.5855, 0.5882, 0.5751, 0.5787, 0.583, 0.5858, 0.601, 0.5832]]	
Results: 	[[0.6107, 0.6131, 0.6067, 0.6276, 0.6178, 0.6153, 0.6219, 0.6131, 0.6044, 0.6099, 0.6159, 0.6132, 0.6185, 0.6044, 0.6161, 0.6328, 0.5929, 0.61, 0.6056, 0.6105], [0.5931, 0.5815, 0.5754, 0.577, 0.5627, 0.5853, 0.5656, 0.5811, 0.5907, 0.5631, 0.5663, 0.569, 0.5882, 0.5659, 0.5812, 0.568, 0.5703, 0.593, 0.5889, 0.5736], [0.5977, 0.5978, 0.5899, 0.6043, 0.6086, 0.6076, 0.5877, 0.5809, 0.5835, 0.6024, 0.5905, 0.5855, 0.5882, 0.5751, 0.5787, 0.583, 0.5858, 0.601, 0.5832, 0.6078]]	
Results: 	[[0.6107, 0.6131, 0.6067, 0.6276, 0.6178, 0.6153, 0.6219, 0.6131, 0.6044, 0.6099, 0.6159, 0.6132, 0.6185, 0.6044, 0.6161, 0.6328, 0.5929, 0.61, 0.6056, 0.6105, 0.6152], [0.5931, 0.5815, 0.5754, 0.577, 0.5627, 0.5853, 0.5656, 0.5811, 0.5907, 0.5631, 0.5663, 0.569, 0.5882, 0.5659, 0.5812, 0.568, 0.5703, 0.593, 0.5889, 0.5736, 0.5746], [0.5977, 0.5978, 0.5899, 0.6043, 0.6086, 0.6076, 0.5877, 0.5809, 0.5835, 0.6024, 0.5905, 0.5855, 0.5882, 0.5751, 0.5787, 0.583, 0.5858, 0.601, 0.5832, 0.6078, 0.589]]	
Results: 	[[0.6107, 0.6131, 0.6067, 0.6276, 0.6178, 0.6153, 0.6219, 0.6131, 0.6044, 0.6099, 0.6159, 0.6132, 0.6185, 0.6044, 0.6161, 0.6328, 0.5929, 0.61, 0.6056, 0.6105, 0.6152, 0.5998], [0.5931, 0.5815, 0.5754, 0.577, 0.5627, 0.5853, 0.5656, 0.5811, 0.5907, 0.5631, 0.5663, 0.569, 0.5882, 0.5659, 0.5812, 0.568, 0.5703, 0.593, 0.5889, 0.5736, 0.5746, 0.5751], [0.5977, 0.5978, 0.5899, 0.6043, 0.6086, 0.6076, 0.5877, 0.5809, 0.5835, 0.6024, 0.5905, 0.5855, 0.5882, 0.5751, 0.5787, 0.583, 0.5858, 0.601, 0.5832, 0.6078, 0.589, 0.5861]]	
Results: 	[[0.6107, 0.6131, 0.6067, 0.6276, 0.6178, 0.6153, 0.6219, 0.6131, 0.6044, 0.6099, 0.6159, 0.6132, 0.6185, 0.6044, 0.6161, 0.6328, 0.5929, 0.61, 0.6056, 0.6105, 0.6152, 0.5998, 0.6235], [0.5931, 0.5815, 0.5754, 0.577, 0.5627, 0.5853, 0.5656, 0.5811, 0.5907, 0.5631, 0.5663, 0.569, 0.5882, 0.5659, 0.5812, 0.568, 0.5703, 0.593, 0.5889, 0.5736, 0.5746, 0.5751, 0.574], [0.5977, 0.5978, 0.5899, 0.6043, 0.6086, 0.6076, 0.5877, 0.5809, 0.5835, 0.6024, 0.5905, 0.5855, 0.5882, 0.5751, 0.5787, 0.583, 0.5858, 0.601, 0.5832, 0.6078, 0.589, 0.5861, 0.5738]]	
Results: 	[[0.6107, 0.6131, 0.6067, 0.6276, 0.6178, 0.6153, 0.6219, 0.6131, 0.6044, 0.6099, 0.6159, 0.6132, 0.6185, 0.6044, 0.6161, 0.6328, 0.5929, 0.61, 0.6056, 0.6105, 0.6152, 0.5998, 0.6235, 0.6067], [0.5931, 0.5815, 0.5754, 0.577, 0.5627, 0.5853, 0.5656, 0.5811, 0.5907, 0.5631, 0.5663, 0.569, 0.5882, 0.5659, 0.5812, 0.568, 0.5703, 0.593, 0.5889, 0.5736, 0.5746, 0.5751, 0.574, 0.5874], [0.5977, 0.5978, 0.5899, 0.6043, 0.6086, 0.6076, 0.5877, 0.5809, 0.5835, 0.6024, 0.5905, 0.5855, 0.5882, 0.5751, 0.5787, 0.583, 0.5858, 0.601, 0.5832, 0.6078, 0.589, 0.5861, 0.5738, 0.5942]]	
Results: 	[[0.6107, 0.6131, 0.6067, 0.6276, 0.6178, 0.6153, 0.6219, 0.6131, 0.6044, 0.6099, 0.6159, 0.6132, 0.6185, 0.6044, 0.6161, 0.6328, 0.5929, 0.61, 0.6056, 0.6105, 0.6152, 0.5998, 0.6235, 0.6067, 0.6131], [0.5931, 0.5815, 0.5754, 0.577, 0.5627, 0.5853, 0.5656, 0.5811, 0.5907, 0.5631, 0.5663, 0.569, 0.5882, 0.5659, 0.5812, 0.568, 0.5703, 0.593, 0.5889, 0.5736, 0.5746, 0.5751, 0.574, 0.5874, 0.5895], [0.5977, 0.5978, 0.5899, 0.6043, 0.6086, 0.6076, 0.5877, 0.5809, 0.5835, 0.6024, 0.5905, 0.5855, 0.5882, 0.5751, 0.5787, 0.583, 0.5858, 0.601, 0.5832, 0.6078, 0.589, 0.5861, 0.5738, 0.5942, 0.5959]]	
Results: 	[[0.6107, 0.6131, 0.6067, 0.6276, 0.6178, 0.6153, 0.6219, 0.6131, 0.6044, 0.6099, 0.6159, 0.6132, 0.6185, 0.6044, 0.6161, 0.6328, 0.5929, 0.61, 0.6056, 0.6105, 0.6152, 0.5998, 0.6235, 0.6067, 0.6131, 0.6129], [0.5931, 0.5815, 0.5754, 0.577, 0.5627, 0.5853, 0.5656, 0.5811, 0.5907, 0.5631, 0.5663, 0.569, 0.5882, 0.5659, 0.5812, 0.568, 0.5703, 0.593, 0.5889, 0.5736, 0.5746, 0.5751, 0.574, 0.5874, 0.5895, 0.5741], [0.5977, 0.5978, 0.5899, 0.6043, 0.6086, 0.6076, 0.5877, 0.5809, 0.5835, 0.6024, 0.5905, 0.5855, 0.5882, 0.5751, 0.5787, 0.583, 0.5858, 0.601, 0.5832, 0.6078, 0.589, 0.5861, 0.5738, 0.5942, 0.5959, 0.6003]]	
Results: 	[[0.6107, 0.6131, 0.6067, 0.6276, 0.6178, 0.6153, 0.6219, 0.6131, 0.6044, 0.6099, 0.6159, 0.6132, 0.6185, 0.6044, 0.6161, 0.6328, 0.5929, 0.61, 0.6056, 0.6105, 0.6152, 0.5998, 0.6235, 0.6067, 0.6131, 0.6129, 0.6112], [0.5931, 0.5815, 0.5754, 0.577, 0.5627, 0.5853, 0.5656, 0.5811, 0.5907, 0.5631, 0.5663, 0.569, 0.5882, 0.5659, 0.5812, 0.568, 0.5703, 0.593, 0.5889, 0.5736, 0.5746, 0.5751, 0.574, 0.5874, 0.5895, 0.5741, 0.5769], [0.5977, 0.5978, 0.5899, 0.6043, 0.6086, 0.6076, 0.5877, 0.5809, 0.5835, 0.6024, 0.5905, 0.5855, 0.5882, 0.5751, 0.5787, 0.583, 0.5858, 0.601, 0.5832, 0.6078, 0.589, 0.5861, 0.5738, 0.5942, 0.5959, 0.6003, 0.5698]]	
Results: 	[[0.6107, 0.6131, 0.6067, 0.6276, 0.6178, 0.6153, 0.6219, 0.6131, 0.6044, 0.6099, 0.6159, 0.6132, 0.6185, 0.6044, 0.6161, 0.6328, 0.5929, 0.61, 0.6056, 0.6105, 0.6152, 0.5998, 0.6235, 0.6067, 0.6131, 0.6129, 0.6112, 0.6031], [0.5931, 0.5815, 0.5754, 0.577, 0.5627, 0.5853, 0.5656, 0.5811, 0.5907, 0.5631, 0.5663, 0.569, 0.5882, 0.5659, 0.5812, 0.568, 0.5703, 0.593, 0.5889, 0.5736, 0.5746, 0.5751, 0.574, 0.5874, 0.5895, 0.5741, 0.5769, 0.5702], [0.5977, 0.5978, 0.5899, 0.6043, 0.6086, 0.6076, 0.5877, 0.5809, 0.5835, 0.6024, 0.5905, 0.5855, 0.5882, 0.5751, 0.5787, 0.583, 0.5858, 0.601, 0.5832, 0.6078, 0.589, 0.5861, 0.5738, 0.5942, 0.5959, 0.6003, 0.5698, 0.5848]]	
Results: 	[[0.6107, 0.6131, 0.6067, 0.6276, 0.6178, 0.6153, 0.6219, 0.6131, 0.6044, 0.6099, 0.6159, 0.6132, 0.6185, 0.6044, 0.6161, 0.6328, 0.5929, 0.61, 0.6056, 0.6105, 0.6152, 0.5998, 0.6235, 0.6067, 0.6131, 0.6129, 0.6112, 0.6031, 0.6111], [0.5931, 0.5815, 0.5754, 0.577, 0.5627, 0.5853, 0.5656, 0.5811, 0.5907, 0.5631, 0.5663, 0.569, 0.5882, 0.5659, 0.5812, 0.568, 0.5703, 0.593, 0.5889, 0.5736, 0.5746, 0.5751, 0.574, 0.5874, 0.5895, 0.5741, 0.5769, 0.5702, 0.5835], [0.5977, 0.5978, 0.5899, 0.6043, 0.6086, 0.6076, 0.5877, 0.5809, 0.5835, 0.6024, 0.5905, 0.5855, 0.5882, 0.5751, 0.5787, 0.583, 0.5858, 0.601, 0.5832, 0.6078, 0.589, 0.5861, 0.5738, 0.5942, 0.5959, 0.6003, 0.5698, 0.5848, 0.5983]]	
Results: 	[[0.6107, 0.6131, 0.6067, 0.6276, 0.6178, 0.6153, 0.6219, 0.6131, 0.6044, 0.6099, 0.6159, 0.6132, 0.6185, 0.6044, 0.6161, 0.6328, 0.5929, 0.61, 0.6056, 0.6105, 0.6152, 0.5998, 0.6235, 0.6067, 0.6131, 0.6129, 0.6112, 0.6031, 0.6111, 0.5923], [0.5931, 0.5815, 0.5754, 0.577, 0.5627, 0.5853, 0.5656, 0.5811, 0.5907, 0.5631, 0.5663, 0.569, 0.5882, 0.5659, 0.5812, 0.568, 0.5703, 0.593, 0.5889, 0.5736, 0.5746, 0.5751, 0.574, 0.5874, 0.5895, 0.5741, 0.5769, 0.5702, 0.5835, 0.5877], [0.5977, 0.5978, 0.5899, 0.6043, 0.6086, 0.6076, 0.5877, 0.5809, 0.5835, 0.6024, 0.5905, 0.5855, 0.5882, 0.5751, 0.5787, 0.583, 0.5858, 0.601, 0.5832, 0.6078, 0.589, 0.5861, 0.5738, 0.5942, 0.5959, 0.6003, 0.5698, 0.5848, 0.5983, 0.5762]]30 Support Sets: (Mean:0.6116433333333333, SD:0.00879806731650464) | 	30 Support Sets: (Mean:0.5777633333333333, SD:0.009358031156522015) | 	30 Support Sets: (Mean:0.5902533333333333, SD:0.010696913294169896) | 	
Results: 	
Results: 	
Results: 	
Results: 	
Results: 	
Results: 	
Results: 	
