78Results: 	[[0.6378], [0.7338], [0.6362], [0.6395], [0.6086], [0.6955]]	
Results: 	[[0.6378, 0.632], [0.7338, 0.744], [0.6362, 0.6445], [0.6395, 0.6422], [0.6086, 0.6128], [0.6955, 0.6771]]	
Results: 	[[0.6378, 0.632, 0.6335], [0.7338, 0.744, 0.7413], [0.6362, 0.6445, 0.6391], [0.6395, 0.6422, 0.6416], [0.6086, 0.6128, 0.61], [0.6955, 0.6771, 0.6774]]	
Results: 	[[0.6378, 0.632, 0.6335, 0.6353], [0.7338, 0.744, 0.7413, 0.753], [0.6362, 0.6445, 0.6391, 0.6485], [0.6395, 0.6422, 0.6416, 0.6308], [0.6086, 0.6128, 0.61, 0.5801], [0.6955, 0.6771, 0.6774, 0.6857]]	
Results: 	[[0.6378, 0.632, 0.6335, 0.6353, 0.6341], [0.7338, 0.744, 0.7413, 0.753, 0.7323], [0.6362, 0.6445, 0.6391, 0.6485, 0.6456], [0.6395, 0.6422, 0.6416, 0.6308, 0.6461], [0.6086, 0.6128, 0.61, 0.5801, 0.5907], [0.6955, 0.6771, 0.6774, 0.6857, 0.6855]]	
Results: 	[[0.6378, 0.632, 0.6335, 0.6353, 0.6341, 0.6219], [0.7338, 0.744, 0.7413, 0.753, 0.7323, 0.7252], [0.6362, 0.6445, 0.6391, 0.6485, 0.6456, 0.6472], [0.6395, 0.6422, 0.6416, 0.6308, 0.6461, 0.6136], [0.6086, 0.6128, 0.61, 0.5801, 0.5907, 0.6134], [0.6955, 0.6771, 0.6774, 0.6857, 0.6855, 0.6841]]	
Results: 	[[0.6378, 0.632, 0.6335, 0.6353, 0.6341, 0.6219, 0.6413], [0.7338, 0.744, 0.7413, 0.753, 0.7323, 0.7252, 0.7366], [0.6362, 0.6445, 0.6391, 0.6485, 0.6456, 0.6472, 0.6491], [0.6395, 0.6422, 0.6416, 0.6308, 0.6461, 0.6136, 0.6275], [0.6086, 0.6128, 0.61, 0.5801, 0.5907, 0.6134, 0.6009], [0.6955, 0.6771, 0.6774, 0.6857, 0.6855, 0.6841, 0.6884]]	
Results: 	[[0.6378, 0.632, 0.6335, 0.6353, 0.6341, 0.6219, 0.6413, 0.6424], [0.7338, 0.744, 0.7413, 0.753, 0.7323, 0.7252, 0.7366, 0.7166], [0.6362, 0.6445, 0.6391, 0.6485, 0.6456, 0.6472, 0.6491, 0.6396], [0.6395, 0.6422, 0.6416, 0.6308, 0.6461, 0.6136, 0.6275, 0.6242], [0.6086, 0.6128, 0.61, 0.5801, 0.5907, 0.6134, 0.6009, 0.5684], [0.6955, 0.6771, 0.6774, 0.6857, 0.6855, 0.6841, 0.6884, 0.6893]]	
Results: 	[[0.6378, 0.632, 0.6335, 0.6353, 0.6341, 0.6219, 0.6413, 0.6424, 0.6224], [0.7338, 0.744, 0.7413, 0.753, 0.7323, 0.7252, 0.7366, 0.7166, 0.7441], [0.6362, 0.6445, 0.6391, 0.6485, 0.6456, 0.6472, 0.6491, 0.6396, 0.6241], [0.6395, 0.6422, 0.6416, 0.6308, 0.6461, 0.6136, 0.6275, 0.6242, 0.6214], [0.6086, 0.6128, 0.61, 0.5801, 0.5907, 0.6134, 0.6009, 0.5684, 0.5792], [0.6955, 0.6771, 0.6774, 0.6857, 0.6855, 0.6841, 0.6884, 0.6893, 0.6964]]	
Results: 	[[0.6378, 0.632, 0.6335, 0.6353, 0.6341, 0.6219, 0.6413, 0.6424, 0.6224, 0.6378], [0.7338, 0.744, 0.7413, 0.753, 0.7323, 0.7252, 0.7366, 0.7166, 0.7441, 0.7273], [0.6362, 0.6445, 0.6391, 0.6485, 0.6456, 0.6472, 0.6491, 0.6396, 0.6241, 0.6527], [0.6395, 0.6422, 0.6416, 0.6308, 0.6461, 0.6136, 0.6275, 0.6242, 0.6214, 0.6272], [0.6086, 0.6128, 0.61, 0.5801, 0.5907, 0.6134, 0.6009, 0.5684, 0.5792, 0.5693], [0.6955, 0.6771, 0.6774, 0.6857, 0.6855, 0.6841, 0.6884, 0.6893, 0.6964, 0.6613]]	
Results: 	[[0.6378, 0.632, 0.6335, 0.6353, 0.6341, 0.6219, 0.6413, 0.6424, 0.6224, 0.6378, 0.6371], [0.7338, 0.744, 0.7413, 0.753, 0.7323, 0.7252, 0.7366, 0.7166, 0.7441, 0.7273, 0.7321], [0.6362, 0.6445, 0.6391, 0.6485, 0.6456, 0.6472, 0.6491, 0.6396, 0.6241, 0.6527, 0.6475], [0.6395, 0.6422, 0.6416, 0.6308, 0.6461, 0.6136, 0.6275, 0.6242, 0.6214, 0.6272, 0.6383], [0.6086, 0.6128, 0.61, 0.5801, 0.5907, 0.6134, 0.6009, 0.5684, 0.5792, 0.5693, 0.6118], [0.6955, 0.6771, 0.6774, 0.6857, 0.6855, 0.6841, 0.6884, 0.6893, 0.6964, 0.6613, 0.7078]]	
Results: 	[[0.6378, 0.632, 0.6335, 0.6353, 0.6341, 0.6219, 0.6413, 0.6424, 0.6224, 0.6378, 0.6371, 0.6405], [0.7338, 0.744, 0.7413, 0.753, 0.7323, 0.7252, 0.7366, 0.7166, 0.7441, 0.7273, 0.7321, 0.7377], [0.6362, 0.6445, 0.6391, 0.6485, 0.6456, 0.6472, 0.6491, 0.6396, 0.6241, 0.6527, 0.6475, 0.6498], [0.6395, 0.6422, 0.6416, 0.6308, 0.6461, 0.6136, 0.6275, 0.6242, 0.6214, 0.6272, 0.6383, 0.6346], [0.6086, 0.6128, 0.61, 0.5801, 0.5907, 0.6134, 0.6009, 0.5684, 0.5792, 0.5693, 0.6118, 0.5903], [0.6955, 0.6771, 0.6774, 0.6857, 0.6855, 0.6841, 0.6884, 0.6893, 0.6964, 0.6613, 0.7078, 0.6878]]	
Results: 	[[0.6378, 0.632, 0.6335, 0.6353, 0.6341, 0.6219, 0.6413, 0.6424, 0.6224, 0.6378, 0.6371, 0.6405, 0.6342], [0.7338, 0.744, 0.7413, 0.753, 0.7323, 0.7252, 0.7366, 0.7166, 0.7441, 0.7273, 0.7321, 0.7377, 0.7378], [0.6362, 0.6445, 0.6391, 0.6485, 0.6456, 0.6472, 0.6491, 0.6396, 0.6241, 0.6527, 0.6475, 0.6498, 0.6468], [0.6395, 0.6422, 0.6416, 0.6308, 0.6461, 0.6136, 0.6275, 0.6242, 0.6214, 0.6272, 0.6383, 0.6346, 0.6375], [0.6086, 0.6128, 0.61, 0.5801, 0.5907, 0.6134, 0.6009, 0.5684, 0.5792, 0.5693, 0.6118, 0.5903, 0.5959], [0.6955, 0.6771, 0.6774, 0.6857, 0.6855, 0.6841, 0.6884, 0.6893, 0.6964, 0.6613, 0.7078, 0.6878, 0.6962]]	
Results: 	[[0.6378, 0.632, 0.6335, 0.6353, 0.6341, 0.6219, 0.6413, 0.6424, 0.6224, 0.6378, 0.6371, 0.6405, 0.6342, 0.637], [0.7338, 0.744, 0.7413, 0.753, 0.7323, 0.7252, 0.7366, 0.7166, 0.7441, 0.7273, 0.7321, 0.7377, 0.7378, 0.733], [0.6362, 0.6445, 0.6391, 0.6485, 0.6456, 0.6472, 0.6491, 0.6396, 0.6241, 0.6527, 0.6475, 0.6498, 0.6468, 0.6547], [0.6395, 0.6422, 0.6416, 0.6308, 0.6461, 0.6136, 0.6275, 0.6242, 0.6214, 0.6272, 0.6383, 0.6346, 0.6375, 0.6362], [0.6086, 0.6128, 0.61, 0.5801, 0.5907, 0.6134, 0.6009, 0.5684, 0.5792, 0.5693, 0.6118, 0.5903, 0.5959, 0.6024], [0.6955, 0.6771, 0.6774, 0.6857, 0.6855, 0.6841, 0.6884, 0.6893, 0.6964, 0.6613, 0.7078, 0.6878, 0.6962, 0.6957]]	
Results: 	[[0.6378, 0.632, 0.6335, 0.6353, 0.6341, 0.6219, 0.6413, 0.6424, 0.6224, 0.6378, 0.6371, 0.6405, 0.6342, 0.637, 0.6411], [0.7338, 0.744, 0.7413, 0.753, 0.7323, 0.7252, 0.7366, 0.7166, 0.7441, 0.7273, 0.7321, 0.7377, 0.7378, 0.733, 0.7475], [0.6362, 0.6445, 0.6391, 0.6485, 0.6456, 0.6472, 0.6491, 0.6396, 0.6241, 0.6527, 0.6475, 0.6498, 0.6468, 0.6547, 0.6577], [0.6395, 0.6422, 0.6416, 0.6308, 0.6461, 0.6136, 0.6275, 0.6242, 0.6214, 0.6272, 0.6383, 0.6346, 0.6375, 0.6362, 0.6344], [0.6086, 0.6128, 0.61, 0.5801, 0.5907, 0.6134, 0.6009, 0.5684, 0.5792, 0.5693, 0.6118, 0.5903, 0.5959, 0.6024, 0.5893], [0.6955, 0.6771, 0.6774, 0.6857, 0.6855, 0.6841, 0.6884, 0.6893, 0.6964, 0.6613, 0.7078, 0.6878, 0.6962, 0.6957, 0.6934]]	
Results: 	[[0.6378, 0.632, 0.6335, 0.6353, 0.6341, 0.6219, 0.6413, 0.6424, 0.6224, 0.6378, 0.6371, 0.6405, 0.6342, 0.637, 0.6411, 0.6406], [0.7338, 0.744, 0.7413, 0.753, 0.7323, 0.7252, 0.7366, 0.7166, 0.7441, 0.7273, 0.7321, 0.7377, 0.7378, 0.733, 0.7475, 0.7475], [0.6362, 0.6445, 0.6391, 0.6485, 0.6456, 0.6472, 0.6491, 0.6396, 0.6241, 0.6527, 0.6475, 0.6498, 0.6468, 0.6547, 0.6577, 0.6499], [0.6395, 0.6422, 0.6416, 0.6308, 0.6461, 0.6136, 0.6275, 0.6242, 0.6214, 0.6272, 0.6383, 0.6346, 0.6375, 0.6362, 0.6344, 0.6463], [0.6086, 0.6128, 0.61, 0.5801, 0.5907, 0.6134, 0.6009, 0.5684, 0.5792, 0.5693, 0.6118, 0.5903, 0.5959, 0.6024, 0.5893, 0.5807], [0.6955, 0.6771, 0.6774, 0.6857, 0.6855, 0.6841, 0.6884, 0.6893, 0.6964, 0.6613, 0.7078, 0.6878, 0.6962, 0.6957, 0.6934, 0.6787]]	
Results: 	[[0.6378, 0.632, 0.6335, 0.6353, 0.6341, 0.6219, 0.6413, 0.6424, 0.6224, 0.6378, 0.6371, 0.6405, 0.6342, 0.637, 0.6411, 0.6406, 0.6406], [0.7338, 0.744, 0.7413, 0.753, 0.7323, 0.7252, 0.7366, 0.7166, 0.7441, 0.7273, 0.7321, 0.7377, 0.7378, 0.733, 0.7475, 0.7475, 0.7376], [0.6362, 0.6445, 0.6391, 0.6485, 0.6456, 0.6472, 0.6491, 0.6396, 0.6241, 0.6527, 0.6475, 0.6498, 0.6468, 0.6547, 0.6577, 0.6499, 0.6373], [0.6395, 0.6422, 0.6416, 0.6308, 0.6461, 0.6136, 0.6275, 0.6242, 0.6214, 0.6272, 0.6383, 0.6346, 0.6375, 0.6362, 0.6344, 0.6463, 0.6423], [0.6086, 0.6128, 0.61, 0.5801, 0.5907, 0.6134, 0.6009, 0.5684, 0.5792, 0.5693, 0.6118, 0.5903, 0.5959, 0.6024, 0.5893, 0.5807, 0.6032], [0.6955, 0.6771, 0.6774, 0.6857, 0.6855, 0.6841, 0.6884, 0.6893, 0.6964, 0.6613, 0.7078, 0.6878, 0.6962, 0.6957, 0.6934, 0.6787, 0.6831]]	
Results: 	[[0.6378, 0.632, 0.6335, 0.6353, 0.6341, 0.6219, 0.6413, 0.6424, 0.6224, 0.6378, 0.6371, 0.6405, 0.6342, 0.637, 0.6411, 0.6406, 0.6406, 0.6267], [0.7338, 0.744, 0.7413, 0.753, 0.7323, 0.7252, 0.7366, 0.7166, 0.7441, 0.7273, 0.7321, 0.7377, 0.7378, 0.733, 0.7475, 0.7475, 0.7376, 0.7373], [0.6362, 0.6445, 0.6391, 0.6485, 0.6456, 0.6472, 0.6491, 0.6396, 0.6241, 0.6527, 0.6475, 0.6498, 0.6468, 0.6547, 0.6577, 0.6499, 0.6373, 0.6471], [0.6395, 0.6422, 0.6416, 0.6308, 0.6461, 0.6136, 0.6275, 0.6242, 0.6214, 0.6272, 0.6383, 0.6346, 0.6375, 0.6362, 0.6344, 0.6463, 0.6423, 0.6458], [0.6086, 0.6128, 0.61, 0.5801, 0.5907, 0.6134, 0.6009, 0.5684, 0.5792, 0.5693, 0.6118, 0.5903, 0.5959, 0.6024, 0.5893, 0.5807, 0.6032, 0.5751], [0.6955, 0.6771, 0.6774, 0.6857, 0.6855, 0.6841, 0.6884, 0.6893, 0.6964, 0.6613, 0.7078, 0.6878, 0.6962, 0.6957, 0.6934, 0.6787, 0.6831, 0.7121]]	
Results: 	[[0.6378, 0.632, 0.6335, 0.6353, 0.6341, 0.6219, 0.6413, 0.6424, 0.6224, 0.6378, 0.6371, 0.6405, 0.6342, 0.637, 0.6411, 0.6406, 0.6406, 0.6267, 0.6312], [0.7338, 0.744, 0.7413, 0.753, 0.7323, 0.7252, 0.7366, 0.7166, 0.7441, 0.7273, 0.7321, 0.7377, 0.7378, 0.733, 0.7475, 0.7475, 0.7376, 0.7373, 0.738], [0.6362, 0.6445, 0.6391, 0.6485, 0.6456, 0.6472, 0.6491, 0.6396, 0.6241, 0.6527, 0.6475, 0.6498, 0.6468, 0.6547, 0.6577, 0.6499, 0.6373, 0.6471, 0.6419], [0.6395, 0.6422, 0.6416, 0.6308, 0.6461, 0.6136, 0.6275, 0.6242, 0.6214, 0.6272, 0.6383, 0.6346, 0.6375, 0.6362, 0.6344, 0.6463, 0.6423, 0.6458, 0.6352], [0.6086, 0.6128, 0.61, 0.5801, 0.5907, 0.6134, 0.6009, 0.5684, 0.5792, 0.5693, 0.6118, 0.5903, 0.5959, 0.6024, 0.5893, 0.5807, 0.6032, 0.5751, 0.5676], [0.6955, 0.6771, 0.6774, 0.6857, 0.6855, 0.6841, 0.6884, 0.6893, 0.6964, 0.6613, 0.7078, 0.6878, 0.6962, 0.6957, 0.6934, 0.6787, 0.6831, 0.7121, 0.6852]]	
Results: 	[[0.6378, 0.632, 0.6335, 0.6353, 0.6341, 0.6219, 0.6413, 0.6424, 0.6224, 0.6378, 0.6371, 0.6405, 0.6342, 0.637, 0.6411, 0.6406, 0.6406, 0.6267, 0.6312, 0.6381], [0.7338, 0.744, 0.7413, 0.753, 0.7323, 0.7252, 0.7366, 0.7166, 0.7441, 0.7273, 0.7321, 0.7377, 0.7378, 0.733, 0.7475, 0.7475, 0.7376, 0.7373, 0.738, 0.7261], [0.6362, 0.6445, 0.6391, 0.6485, 0.6456, 0.6472, 0.6491, 0.6396, 0.6241, 0.6527, 0.6475, 0.6498, 0.6468, 0.6547, 0.6577, 0.6499, 0.6373, 0.6471, 0.6419, 0.6401], [0.6395, 0.6422, 0.6416, 0.6308, 0.6461, 0.6136, 0.6275, 0.6242, 0.6214, 0.6272, 0.6383, 0.6346, 0.6375, 0.6362, 0.6344, 0.6463, 0.6423, 0.6458, 0.6352, 0.6318], [0.6086, 0.6128, 0.61, 0.5801, 0.5907, 0.6134, 0.6009, 0.5684, 0.5792, 0.5693, 0.6118, 0.5903, 0.5959, 0.6024, 0.5893, 0.5807, 0.6032, 0.5751, 0.5676, 0.5983], [0.6955, 0.6771, 0.6774, 0.6857, 0.6855, 0.6841, 0.6884, 0.6893, 0.6964, 0.6613, 0.7078, 0.6878, 0.6962, 0.6957, 0.6934, 0.6787, 0.6831, 0.7121, 0.6852, 0.6785]]	
Results: 	[[0.6378, 0.632, 0.6335, 0.6353, 0.6341, 0.6219, 0.6413, 0.6424, 0.6224, 0.6378, 0.6371, 0.6405, 0.6342, 0.637, 0.6411, 0.6406, 0.6406, 0.6267, 0.6312, 0.6381, 0.6371], [0.7338, 0.744, 0.7413, 0.753, 0.7323, 0.7252, 0.7366, 0.7166, 0.7441, 0.7273, 0.7321, 0.7377, 0.7378, 0.733, 0.7475, 0.7475, 0.7376, 0.7373, 0.738, 0.7261, 0.7308], [0.6362, 0.6445, 0.6391, 0.6485, 0.6456, 0.6472, 0.6491, 0.6396, 0.6241, 0.6527, 0.6475, 0.6498, 0.6468, 0.6547, 0.6577, 0.6499, 0.6373, 0.6471, 0.6419, 0.6401, 0.6498], [0.6395, 0.6422, 0.6416, 0.6308, 0.6461, 0.6136, 0.6275, 0.6242, 0.6214, 0.6272, 0.6383, 0.6346, 0.6375, 0.6362, 0.6344, 0.6463, 0.6423, 0.6458, 0.6352, 0.6318, 0.6279], [0.6086, 0.6128, 0.61, 0.5801, 0.5907, 0.6134, 0.6009, 0.5684, 0.5792, 0.5693, 0.6118, 0.5903, 0.5959, 0.6024, 0.5893, 0.5807, 0.6032, 0.5751, 0.5676, 0.5983, 0.5919], [0.6955, 0.6771, 0.6774, 0.6857, 0.6855, 0.6841, 0.6884, 0.6893, 0.6964, 0.6613, 0.7078, 0.6878, 0.6962, 0.6957, 0.6934, 0.6787, 0.6831, 0.7121, 0.6852, 0.6785, 0.6889]]	
Results: 	[[0.6378, 0.632, 0.6335, 0.6353, 0.6341, 0.6219, 0.6413, 0.6424, 0.6224, 0.6378, 0.6371, 0.6405, 0.6342, 0.637, 0.6411, 0.6406, 0.6406, 0.6267, 0.6312, 0.6381, 0.6371, 0.6436], [0.7338, 0.744, 0.7413, 0.753, 0.7323, 0.7252, 0.7366, 0.7166, 0.7441, 0.7273, 0.7321, 0.7377, 0.7378, 0.733, 0.7475, 0.7475, 0.7376, 0.7373, 0.738, 0.7261, 0.7308, 0.7436], [0.6362, 0.6445, 0.6391, 0.6485, 0.6456, 0.6472, 0.6491, 0.6396, 0.6241, 0.6527, 0.6475, 0.6498, 0.6468, 0.6547, 0.6577, 0.6499, 0.6373, 0.6471, 0.6419, 0.6401, 0.6498, 0.634], [0.6395, 0.6422, 0.6416, 0.6308, 0.6461, 0.6136, 0.6275, 0.6242, 0.6214, 0.6272, 0.6383, 0.6346, 0.6375, 0.6362, 0.6344, 0.6463, 0.6423, 0.6458, 0.6352, 0.6318, 0.6279, 0.6272], [0.6086, 0.6128, 0.61, 0.5801, 0.5907, 0.6134, 0.6009, 0.5684, 0.5792, 0.5693, 0.6118, 0.5903, 0.5959, 0.6024, 0.5893, 0.5807, 0.6032, 0.5751, 0.5676, 0.5983, 0.5919, 0.6038], [0.6955, 0.6771, 0.6774, 0.6857, 0.6855, 0.6841, 0.6884, 0.6893, 0.6964, 0.6613, 0.7078, 0.6878, 0.6962, 0.6957, 0.6934, 0.6787, 0.6831, 0.7121, 0.6852, 0.6785, 0.6889, 0.6836]]	
Results: 	[[0.6378, 0.632, 0.6335, 0.6353, 0.6341, 0.6219, 0.6413, 0.6424, 0.6224, 0.6378, 0.6371, 0.6405, 0.6342, 0.637, 0.6411, 0.6406, 0.6406, 0.6267, 0.6312, 0.6381, 0.6371, 0.6436, 0.6469], [0.7338, 0.744, 0.7413, 0.753, 0.7323, 0.7252, 0.7366, 0.7166, 0.7441, 0.7273, 0.7321, 0.7377, 0.7378, 0.733, 0.7475, 0.7475, 0.7376, 0.7373, 0.738, 0.7261, 0.7308, 0.7436, 0.725], [0.6362, 0.6445, 0.6391, 0.6485, 0.6456, 0.6472, 0.6491, 0.6396, 0.6241, 0.6527, 0.6475, 0.6498, 0.6468, 0.6547, 0.6577, 0.6499, 0.6373, 0.6471, 0.6419, 0.6401, 0.6498, 0.634, 0.6522], [0.6395, 0.6422, 0.6416, 0.6308, 0.6461, 0.6136, 0.6275, 0.6242, 0.6214, 0.6272, 0.6383, 0.6346, 0.6375, 0.6362, 0.6344, 0.6463, 0.6423, 0.6458, 0.6352, 0.6318, 0.6279, 0.6272, 0.6303], [0.6086, 0.6128, 0.61, 0.5801, 0.5907, 0.6134, 0.6009, 0.5684, 0.5792, 0.5693, 0.6118, 0.5903, 0.5959, 0.6024, 0.5893, 0.5807, 0.6032, 0.5751, 0.5676, 0.5983, 0.5919, 0.6038, 0.5625], [0.6955, 0.6771, 0.6774, 0.6857, 0.6855, 0.6841, 0.6884, 0.6893, 0.6964, 0.6613, 0.7078, 0.6878, 0.6962, 0.6957, 0.6934, 0.6787, 0.6831, 0.7121, 0.6852, 0.6785, 0.6889, 0.6836, 0.6769]]	
Results: 	[[0.6378, 0.632, 0.6335, 0.6353, 0.6341, 0.6219, 0.6413, 0.6424, 0.6224, 0.6378, 0.6371, 0.6405, 0.6342, 0.637, 0.6411, 0.6406, 0.6406, 0.6267, 0.6312, 0.6381, 0.6371, 0.6436, 0.6469, 0.6411], [0.7338, 0.744, 0.7413, 0.753, 0.7323, 0.7252, 0.7366, 0.7166, 0.7441, 0.7273, 0.7321, 0.7377, 0.7378, 0.733, 0.7475, 0.7475, 0.7376, 0.7373, 0.738, 0.7261, 0.7308, 0.7436, 0.725, 0.7255], [0.6362, 0.6445, 0.6391, 0.6485, 0.6456, 0.6472, 0.6491, 0.6396, 0.6241, 0.6527, 0.6475, 0.6498, 0.6468, 0.6547, 0.6577, 0.6499, 0.6373, 0.6471, 0.6419, 0.6401, 0.6498, 0.634, 0.6522, 0.6476], [0.6395, 0.6422, 0.6416, 0.6308, 0.6461, 0.6136, 0.6275, 0.6242, 0.6214, 0.6272, 0.6383, 0.6346, 0.6375, 0.6362, 0.6344, 0.6463, 0.6423, 0.6458, 0.6352, 0.6318, 0.6279, 0.6272, 0.6303, 0.6345], [0.6086, 0.6128, 0.61, 0.5801, 0.5907, 0.6134, 0.6009, 0.5684, 0.5792, 0.5693, 0.6118, 0.5903, 0.5959, 0.6024, 0.5893, 0.5807, 0.6032, 0.5751, 0.5676, 0.5983, 0.5919, 0.6038, 0.5625, 0.5934], [0.6955, 0.6771, 0.6774, 0.6857, 0.6855, 0.6841, 0.6884, 0.6893, 0.6964, 0.6613, 0.7078, 0.6878, 0.6962, 0.6957, 0.6934, 0.6787, 0.6831, 0.7121, 0.6852, 0.6785, 0.6889, 0.6836, 0.6769, 0.6754]]	
Results: 	[[0.6378, 0.632, 0.6335, 0.6353, 0.6341, 0.6219, 0.6413, 0.6424, 0.6224, 0.6378, 0.6371, 0.6405, 0.6342, 0.637, 0.6411, 0.6406, 0.6406, 0.6267, 0.6312, 0.6381, 0.6371, 0.6436, 0.6469, 0.6411, 0.6476], [0.7338, 0.744, 0.7413, 0.753, 0.7323, 0.7252, 0.7366, 0.7166, 0.7441, 0.7273, 0.7321, 0.7377, 0.7378, 0.733, 0.7475, 0.7475, 0.7376, 0.7373, 0.738, 0.7261, 0.7308, 0.7436, 0.725, 0.7255, 0.7202], [0.6362, 0.6445, 0.6391, 0.6485, 0.6456, 0.6472, 0.6491, 0.6396, 0.6241, 0.6527, 0.6475, 0.6498, 0.6468, 0.6547, 0.6577, 0.6499, 0.6373, 0.6471, 0.6419, 0.6401, 0.6498, 0.634, 0.6522, 0.6476, 0.6394], [0.6395, 0.6422, 0.6416, 0.6308, 0.6461, 0.6136, 0.6275, 0.6242, 0.6214, 0.6272, 0.6383, 0.6346, 0.6375, 0.6362, 0.6344, 0.6463, 0.6423, 0.6458, 0.6352, 0.6318, 0.6279, 0.6272, 0.6303, 0.6345, 0.6257], [0.6086, 0.6128, 0.61, 0.5801, 0.5907, 0.6134, 0.6009, 0.5684, 0.5792, 0.5693, 0.6118, 0.5903, 0.5959, 0.6024, 0.5893, 0.5807, 0.6032, 0.5751, 0.5676, 0.5983, 0.5919, 0.6038, 0.5625, 0.5934, 0.5816], [0.6955, 0.6771, 0.6774, 0.6857, 0.6855, 0.6841, 0.6884, 0.6893, 0.6964, 0.6613, 0.7078, 0.6878, 0.6962, 0.6957, 0.6934, 0.6787, 0.6831, 0.7121, 0.6852, 0.6785, 0.6889, 0.6836, 0.6769, 0.6754, 0.6935]]	
Results: 	[[0.6378, 0.632, 0.6335, 0.6353, 0.6341, 0.6219, 0.6413, 0.6424, 0.6224, 0.6378, 0.6371, 0.6405, 0.6342, 0.637, 0.6411, 0.6406, 0.6406, 0.6267, 0.6312, 0.6381, 0.6371, 0.6436, 0.6469, 0.6411, 0.6476, 0.6352], [0.7338, 0.744, 0.7413, 0.753, 0.7323, 0.7252, 0.7366, 0.7166, 0.7441, 0.7273, 0.7321, 0.7377, 0.7378, 0.733, 0.7475, 0.7475, 0.7376, 0.7373, 0.738, 0.7261, 0.7308, 0.7436, 0.725, 0.7255, 0.7202, 0.7247], [0.6362, 0.6445, 0.6391, 0.6485, 0.6456, 0.6472, 0.6491, 0.6396, 0.6241, 0.6527, 0.6475, 0.6498, 0.6468, 0.6547, 0.6577, 0.6499, 0.6373, 0.6471, 0.6419, 0.6401, 0.6498, 0.634, 0.6522, 0.6476, 0.6394, 0.6372], [0.6395, 0.6422, 0.6416, 0.6308, 0.6461, 0.6136, 0.6275, 0.6242, 0.6214, 0.6272, 0.6383, 0.6346, 0.6375, 0.6362, 0.6344, 0.6463, 0.6423, 0.6458, 0.6352, 0.6318, 0.6279, 0.6272, 0.6303, 0.6345, 0.6257, 0.6243], [0.6086, 0.6128, 0.61, 0.5801, 0.5907, 0.6134, 0.6009, 0.5684, 0.5792, 0.5693, 0.6118, 0.5903, 0.5959, 0.6024, 0.5893, 0.5807, 0.6032, 0.5751, 0.5676, 0.5983, 0.5919, 0.6038, 0.5625, 0.5934, 0.5816, 0.5937], [0.6955, 0.6771, 0.6774, 0.6857, 0.6855, 0.6841, 0.6884, 0.6893, 0.6964, 0.6613, 0.7078, 0.6878, 0.6962, 0.6957, 0.6934, 0.6787, 0.6831, 0.7121, 0.6852, 0.6785, 0.6889, 0.6836, 0.6769, 0.6754, 0.6935, 0.6937]]	
Results: 	[[0.6378, 0.632, 0.6335, 0.6353, 0.6341, 0.6219, 0.6413, 0.6424, 0.6224, 0.6378, 0.6371, 0.6405, 0.6342, 0.637, 0.6411, 0.6406, 0.6406, 0.6267, 0.6312, 0.6381, 0.6371, 0.6436, 0.6469, 0.6411, 0.6476, 0.6352, 0.6379], [0.7338, 0.744, 0.7413, 0.753, 0.7323, 0.7252, 0.7366, 0.7166, 0.7441, 0.7273, 0.7321, 0.7377, 0.7378, 0.733, 0.7475, 0.7475, 0.7376, 0.7373, 0.738, 0.7261, 0.7308, 0.7436, 0.725, 0.7255, 0.7202, 0.7247, 0.7446], [0.6362, 0.6445, 0.6391, 0.6485, 0.6456, 0.6472, 0.6491, 0.6396, 0.6241, 0.6527, 0.6475, 0.6498, 0.6468, 0.6547, 0.6577, 0.6499, 0.6373, 0.6471, 0.6419, 0.6401, 0.6498, 0.634, 0.6522, 0.6476, 0.6394, 0.6372, 0.6498], [0.6395, 0.6422, 0.6416, 0.6308, 0.6461, 0.6136, 0.6275, 0.6242, 0.6214, 0.6272, 0.6383, 0.6346, 0.6375, 0.6362, 0.6344, 0.6463, 0.6423, 0.6458, 0.6352, 0.6318, 0.6279, 0.6272, 0.6303, 0.6345, 0.6257, 0.6243, 0.6292], [0.6086, 0.6128, 0.61, 0.5801, 0.5907, 0.6134, 0.6009, 0.5684, 0.5792, 0.5693, 0.6118, 0.5903, 0.5959, 0.6024, 0.5893, 0.5807, 0.6032, 0.5751, 0.5676, 0.5983, 0.5919, 0.6038, 0.5625, 0.5934, 0.5816, 0.5937, 0.5829], [0.6955, 0.6771, 0.6774, 0.6857, 0.6855, 0.6841, 0.6884, 0.6893, 0.6964, 0.6613, 0.7078, 0.6878, 0.6962, 0.6957, 0.6934, 0.6787, 0.6831, 0.7121, 0.6852, 0.6785, 0.6889, 0.6836, 0.6769, 0.6754, 0.6935, 0.6937, 0.6756]]	
Results: 	[[0.6378, 0.632, 0.6335, 0.6353, 0.6341, 0.6219, 0.6413, 0.6424, 0.6224, 0.6378, 0.6371, 0.6405, 0.6342, 0.637, 0.6411, 0.6406, 0.6406, 0.6267, 0.6312, 0.6381, 0.6371, 0.6436, 0.6469, 0.6411, 0.6476, 0.6352, 0.6379, 0.6348], [0.7338, 0.744, 0.7413, 0.753, 0.7323, 0.7252, 0.7366, 0.7166, 0.7441, 0.7273, 0.7321, 0.7377, 0.7378, 0.733, 0.7475, 0.7475, 0.7376, 0.7373, 0.738, 0.7261, 0.7308, 0.7436, 0.725, 0.7255, 0.7202, 0.7247, 0.7446, 0.7265], [0.6362, 0.6445, 0.6391, 0.6485, 0.6456, 0.6472, 0.6491, 0.6396, 0.6241, 0.6527, 0.6475, 0.6498, 0.6468, 0.6547, 0.6577, 0.6499, 0.6373, 0.6471, 0.6419, 0.6401, 0.6498, 0.634, 0.6522, 0.6476, 0.6394, 0.6372, 0.6498, 0.6576], [0.6395, 0.6422, 0.6416, 0.6308, 0.6461, 0.6136, 0.6275, 0.6242, 0.6214, 0.6272, 0.6383, 0.6346, 0.6375, 0.6362, 0.6344, 0.6463, 0.6423, 0.6458, 0.6352, 0.6318, 0.6279, 0.6272, 0.6303, 0.6345, 0.6257, 0.6243, 0.6292, 0.6304], [0.6086, 0.6128, 0.61, 0.5801, 0.5907, 0.6134, 0.6009, 0.5684, 0.5792, 0.5693, 0.6118, 0.5903, 0.5959, 0.6024, 0.5893, 0.5807, 0.6032, 0.5751, 0.5676, 0.5983, 0.5919, 0.6038, 0.5625, 0.5934, 0.5816, 0.5937, 0.5829, 0.6235], [0.6955, 0.6771, 0.6774, 0.6857, 0.6855, 0.6841, 0.6884, 0.6893, 0.6964, 0.6613, 0.7078, 0.6878, 0.6962, 0.6957, 0.6934, 0.6787, 0.6831, 0.7121, 0.6852, 0.6785, 0.6889, 0.6836, 0.6769, 0.6754, 0.6935, 0.6937, 0.6756, 0.6755]]	
Results: 	[[0.6378, 0.632, 0.6335, 0.6353, 0.6341, 0.6219, 0.6413, 0.6424, 0.6224, 0.6378, 0.6371, 0.6405, 0.6342, 0.637, 0.6411, 0.6406, 0.6406, 0.6267, 0.6312, 0.6381, 0.6371, 0.6436, 0.6469, 0.6411, 0.6476, 0.6352, 0.6379, 0.6348, 0.6407], [0.7338, 0.744, 0.7413, 0.753, 0.7323, 0.7252, 0.7366, 0.7166, 0.7441, 0.7273, 0.7321, 0.7377, 0.7378, 0.733, 0.7475, 0.7475, 0.7376, 0.7373, 0.738, 0.7261, 0.7308, 0.7436, 0.725, 0.7255, 0.7202, 0.7247, 0.7446, 0.7265, 0.7382], [0.6362, 0.6445, 0.6391, 0.6485, 0.6456, 0.6472, 0.6491, 0.6396, 0.6241, 0.6527, 0.6475, 0.6498, 0.6468, 0.6547, 0.6577, 0.6499, 0.6373, 0.6471, 0.6419, 0.6401, 0.6498, 0.634, 0.6522, 0.6476, 0.6394, 0.6372, 0.6498, 0.6576, 0.65], [0.6395, 0.6422, 0.6416, 0.6308, 0.6461, 0.6136, 0.6275, 0.6242, 0.6214, 0.6272, 0.6383, 0.6346, 0.6375, 0.6362, 0.6344, 0.6463, 0.6423, 0.6458, 0.6352, 0.6318, 0.6279, 0.6272, 0.6303, 0.6345, 0.6257, 0.6243, 0.6292, 0.6304, 0.6361], [0.6086, 0.6128, 0.61, 0.5801, 0.5907, 0.6134, 0.6009, 0.5684, 0.5792, 0.5693, 0.6118, 0.5903, 0.5959, 0.6024, 0.5893, 0.5807, 0.6032, 0.5751, 0.5676, 0.5983, 0.5919, 0.6038, 0.5625, 0.5934, 0.5816, 0.5937, 0.5829, 0.6235, 0.6091], [0.6955, 0.6771, 0.6774, 0.6857, 0.6855, 0.6841, 0.6884, 0.6893, 0.6964, 0.6613, 0.7078, 0.6878, 0.6962, 0.6957, 0.6934, 0.6787, 0.6831, 0.7121, 0.6852, 0.6785, 0.6889, 0.6836, 0.6769, 0.6754, 0.6935, 0.6937, 0.6756, 0.6755, 0.693]]	
Results: 	[[0.6378, 0.632, 0.6335, 0.6353, 0.6341, 0.6219, 0.6413, 0.6424, 0.6224, 0.6378, 0.6371, 0.6405, 0.6342, 0.637, 0.6411, 0.6406, 0.6406, 0.6267, 0.6312, 0.6381, 0.6371, 0.6436, 0.6469, 0.6411, 0.6476, 0.6352, 0.6379, 0.6348, 0.6407, 0.633], [0.7338, 0.744, 0.7413, 0.753, 0.7323, 0.7252, 0.7366, 0.7166, 0.7441, 0.7273, 0.7321, 0.7377, 0.7378, 0.733, 0.7475, 0.7475, 0.7376, 0.7373, 0.738, 0.7261, 0.7308, 0.7436, 0.725, 0.7255, 0.7202, 0.7247, 0.7446, 0.7265, 0.7382, 0.743], [0.6362, 0.6445, 0.6391, 0.6485, 0.6456, 0.6472, 0.6491, 0.6396, 0.6241, 0.6527, 0.6475, 0.6498, 0.6468, 0.6547, 0.6577, 0.6499, 0.6373, 0.6471, 0.6419, 0.6401, 0.6498, 0.634, 0.6522, 0.6476, 0.6394, 0.6372, 0.6498, 0.6576, 0.65, 0.6405], [0.6395, 0.6422, 0.6416, 0.6308, 0.6461, 0.6136, 0.6275, 0.6242, 0.6214, 0.6272, 0.6383, 0.6346, 0.6375, 0.6362, 0.6344, 0.6463, 0.6423, 0.6458, 0.6352, 0.6318, 0.6279, 0.6272, 0.6303, 0.6345, 0.6257, 0.6243, 0.6292, 0.6304, 0.6361, 0.6364], [0.6086, 0.6128, 0.61, 0.5801, 0.5907, 0.6134, 0.6009, 0.5684, 0.5792, 0.5693, 0.6118, 0.5903, 0.5959, 0.6024, 0.5893, 0.5807, 0.6032, 0.5751, 0.5676, 0.5983, 0.5919, 0.6038, 0.5625, 0.5934, 0.5816, 0.5937, 0.5829, 0.6235, 0.6091, 0.5923], [0.6955, 0.6771, 0.6774, 0.6857, 0.6855, 0.6841, 0.6884, 0.6893, 0.6964, 0.6613, 0.7078, 0.6878, 0.6962, 0.6957, 0.6934, 0.6787, 0.6831, 0.7121, 0.6852, 0.6785, 0.6889, 0.6836, 0.6769, 0.6754, 0.6935, 0.6937, 0.6756, 0.6755, 0.693, 0.6952]]
30 Support Sets: (Mean:0.6367833333333334, SD:0.006018195590118312) | 	30 Support Sets: (Mean:0.73503, SD:0.00894154002009915) | 	30 Support Sets: (Mean:0.64525, SD:0.007430772457177303) | 	30 Support Sets: (Mean:0.6332833333333333, SD:0.007799826847473904) | 	30 Support Sets: (Mean:0.5927566666666667, SD:0.01567012715511496) | 	30 Support Sets: (Mean:0.6870166666666666, SD:0.010437600574228083) | 	
	

