Results: 	[[0.6681], [0.6841], [0.6142]]	
Results: 	[[0.6681, 0.6793], [0.6841, 0.6477], [0.6142, 0.6303]]	
Results: 	[[0.6681, 0.6793, 0.6671], [0.6841, 0.6477, 0.6597], [0.6142, 0.6303, 0.6046]]	
Results: 	[[0.6681, 0.6793, 0.6671, 0.6705], [0.6841, 0.6477, 0.6597, 0.6859], [0.6142, 0.6303, 0.6046, 0.6128]]	
Results: 	[[0.6681, 0.6793, 0.6671, 0.6705, 0.6312], [0.6841, 0.6477, 0.6597, 0.6859, 0.6417], [0.6142, 0.6303, 0.6046, 0.6128, 0.6146]]	
Results: 	[[0.6681, 0.6793, 0.6671, 0.6705, 0.6312, 0.6736], [0.6841, 0.6477, 0.6597, 0.6859, 0.6417, 0.6639], [0.6142, 0.6303, 0.6046, 0.6128, 0.6146, 0.612]]	
Results: 	[[0.6681, 0.6793, 0.6671, 0.6705, 0.6312, 0.6736, 0.6362], [0.6841, 0.6477, 0.6597, 0.6859, 0.6417, 0.6639, 0.6598], [0.6142, 0.6303, 0.6046, 0.6128, 0.6146, 0.612, 0.6103]]	
Results: 	[[0.6681, 0.6793, 0.6671, 0.6705, 0.6312, 0.6736, 0.6362, 0.6817], [0.6841, 0.6477, 0.6597, 0.6859, 0.6417, 0.6639, 0.6598, 0.6643], [0.6142, 0.6303, 0.6046, 0.6128, 0.6146, 0.612, 0.6103, 0.633]]	
Results: 	[[0.6681, 0.6793, 0.6671, 0.6705, 0.6312, 0.6736, 0.6362, 0.6817, 0.6438], [0.6841, 0.6477, 0.6597, 0.6859, 0.6417, 0.6639, 0.6598, 0.6643, 0.6561], [0.6142, 0.6303, 0.6046, 0.6128, 0.6146, 0.612, 0.6103, 0.633, 0.627]]	
Results: 	[[0.6681, 0.6793, 0.6671, 0.6705, 0.6312, 0.6736, 0.6362, 0.6817, 0.6438, 0.646], [0.6841, 0.6477, 0.6597, 0.6859, 0.6417, 0.6639, 0.6598, 0.6643, 0.6561, 0.6648], [0.6142, 0.6303, 0.6046, 0.6128, 0.6146, 0.612, 0.6103, 0.633, 0.627, 0.6045]]	
Results: 	[[0.6681, 0.6793, 0.6671, 0.6705, 0.6312, 0.6736, 0.6362, 0.6817, 0.6438, 0.646, 0.6382], [0.6841, 0.6477, 0.6597, 0.6859, 0.6417, 0.6639, 0.6598, 0.6643, 0.6561, 0.6648, 0.6684], [0.6142, 0.6303, 0.6046, 0.6128, 0.6146, 0.612, 0.6103, 0.633, 0.627, 0.6045, 0.5937]]	
Results: 	[[0.6681, 0.6793, 0.6671, 0.6705, 0.6312, 0.6736, 0.6362, 0.6817, 0.6438, 0.646, 0.6382, 0.6691], [0.6841, 0.6477, 0.6597, 0.6859, 0.6417, 0.6639, 0.6598, 0.6643, 0.6561, 0.6648, 0.6684, 0.6532], [0.6142, 0.6303, 0.6046, 0.6128, 0.6146, 0.612, 0.6103, 0.633, 0.627, 0.6045, 0.5937, 0.6359]]	
Results: 	[[0.6681, 0.6793, 0.6671, 0.6705, 0.6312, 0.6736, 0.6362, 0.6817, 0.6438, 0.646, 0.6382, 0.6691, 0.6491], [0.6841, 0.6477, 0.6597, 0.6859, 0.6417, 0.6639, 0.6598, 0.6643, 0.6561, 0.6648, 0.6684, 0.6532, 0.6369], [0.6142, 0.6303, 0.6046, 0.6128, 0.6146, 0.612, 0.6103, 0.633, 0.627, 0.6045, 0.5937, 0.6359, 0.6253]]	
Results: 	[[0.6681, 0.6793, 0.6671, 0.6705, 0.6312, 0.6736, 0.6362, 0.6817, 0.6438, 0.646, 0.6382, 0.6691, 0.6491, 0.6353], [0.6841, 0.6477, 0.6597, 0.6859, 0.6417, 0.6639, 0.6598, 0.6643, 0.6561, 0.6648, 0.6684, 0.6532, 0.6369, 0.6645], [0.6142, 0.6303, 0.6046, 0.6128, 0.6146, 0.612, 0.6103, 0.633, 0.627, 0.6045, 0.5937, 0.6359, 0.6253, 0.6076]]	
Results: 	[[0.6681, 0.6793, 0.6671, 0.6705, 0.6312, 0.6736, 0.6362, 0.6817, 0.6438, 0.646, 0.6382, 0.6691, 0.6491, 0.6353, 0.6779], [0.6841, 0.6477, 0.6597, 0.6859, 0.6417, 0.6639, 0.6598, 0.6643, 0.6561, 0.6648, 0.6684, 0.6532, 0.6369, 0.6645, 0.6716], [0.6142, 0.6303, 0.6046, 0.6128, 0.6146, 0.612, 0.6103, 0.633, 0.627, 0.6045, 0.5937, 0.6359, 0.6253, 0.6076, 0.6132]]	
Results: 	[[0.6681, 0.6793, 0.6671, 0.6705, 0.6312, 0.6736, 0.6362, 0.6817, 0.6438, 0.646, 0.6382, 0.6691, 0.6491, 0.6353, 0.6779, 0.6918], [0.6841, 0.6477, 0.6597, 0.6859, 0.6417, 0.6639, 0.6598, 0.6643, 0.6561, 0.6648, 0.6684, 0.6532, 0.6369, 0.6645, 0.6716, 0.6538], [0.6142, 0.6303, 0.6046, 0.6128, 0.6146, 0.612, 0.6103, 0.633, 0.627, 0.6045, 0.5937, 0.6359, 0.6253, 0.6076, 0.6132, 0.6379]]	
Results: 	[[0.6681, 0.6793, 0.6671, 0.6705, 0.6312, 0.6736, 0.6362, 0.6817, 0.6438, 0.646, 0.6382, 0.6691, 0.6491, 0.6353, 0.6779, 0.6918, 0.6602], [0.6841, 0.6477, 0.6597, 0.6859, 0.6417, 0.6639, 0.6598, 0.6643, 0.6561, 0.6648, 0.6684, 0.6532, 0.6369, 0.6645, 0.6716, 0.6538, 0.6401], [0.6142, 0.6303, 0.6046, 0.6128, 0.6146, 0.612, 0.6103, 0.633, 0.627, 0.6045, 0.5937, 0.6359, 0.6253, 0.6076, 0.6132, 0.6379, 0.6574]]	
Results: 	[[0.6681, 0.6793, 0.6671, 0.6705, 0.6312, 0.6736, 0.6362, 0.6817, 0.6438, 0.646, 0.6382, 0.6691, 0.6491, 0.6353, 0.6779, 0.6918, 0.6602, 0.6479], [0.6841, 0.6477, 0.6597, 0.6859, 0.6417, 0.6639, 0.6598, 0.6643, 0.6561, 0.6648, 0.6684, 0.6532, 0.6369, 0.6645, 0.6716, 0.6538, 0.6401, 0.6558], [0.6142, 0.6303, 0.6046, 0.6128, 0.6146, 0.612, 0.6103, 0.633, 0.627, 0.6045, 0.5937, 0.6359, 0.6253, 0.6076, 0.6132, 0.6379, 0.6574, 0.6026]]	
Results: 	[[0.6681, 0.6793, 0.6671, 0.6705, 0.6312, 0.6736, 0.6362, 0.6817, 0.6438, 0.646, 0.6382, 0.6691, 0.6491, 0.6353, 0.6779, 0.6918, 0.6602, 0.6479, 0.6762], [0.6841, 0.6477, 0.6597, 0.6859, 0.6417, 0.6639, 0.6598, 0.6643, 0.6561, 0.6648, 0.6684, 0.6532, 0.6369, 0.6645, 0.6716, 0.6538, 0.6401, 0.6558, 0.6424], [0.6142, 0.6303, 0.6046, 0.6128, 0.6146, 0.612, 0.6103, 0.633, 0.627, 0.6045, 0.5937, 0.6359, 0.6253, 0.6076, 0.6132, 0.6379, 0.6574, 0.6026, 0.6465]]	
Results: 	[[0.6681, 0.6793, 0.6671, 0.6705, 0.6312, 0.6736, 0.6362, 0.6817, 0.6438, 0.646, 0.6382, 0.6691, 0.6491, 0.6353, 0.6779, 0.6918, 0.6602, 0.6479, 0.6762, 0.6947], [0.6841, 0.6477, 0.6597, 0.6859, 0.6417, 0.6639, 0.6598, 0.6643, 0.6561, 0.6648, 0.6684, 0.6532, 0.6369, 0.6645, 0.6716, 0.6538, 0.6401, 0.6558, 0.6424, 0.6638], [0.6142, 0.6303, 0.6046, 0.6128, 0.6146, 0.612, 0.6103, 0.633, 0.627, 0.6045, 0.5937, 0.6359, 0.6253, 0.6076, 0.6132, 0.6379, 0.6574, 0.6026, 0.6465, 0.6084]]	
Results: 	[[0.6681, 0.6793, 0.6671, 0.6705, 0.6312, 0.6736, 0.6362, 0.6817, 0.6438, 0.646, 0.6382, 0.6691, 0.6491, 0.6353, 0.6779, 0.6918, 0.6602, 0.6479, 0.6762, 0.6947, 0.6591], [0.6841, 0.6477, 0.6597, 0.6859, 0.6417, 0.6639, 0.6598, 0.6643, 0.6561, 0.6648, 0.6684, 0.6532, 0.6369, 0.6645, 0.6716, 0.6538, 0.6401, 0.6558, 0.6424, 0.6638, 0.6614], [0.6142, 0.6303, 0.6046, 0.6128, 0.6146, 0.612, 0.6103, 0.633, 0.627, 0.6045, 0.5937, 0.6359, 0.6253, 0.6076, 0.6132, 0.6379, 0.6574, 0.6026, 0.6465, 0.6084, 0.6303]]	
Results: 	[[0.6681, 0.6793, 0.6671, 0.6705, 0.6312, 0.6736, 0.6362, 0.6817, 0.6438, 0.646, 0.6382, 0.6691, 0.6491, 0.6353, 0.6779, 0.6918, 0.6602, 0.6479, 0.6762, 0.6947, 0.6591, 0.6474], [0.6841, 0.6477, 0.6597, 0.6859, 0.6417, 0.6639, 0.6598, 0.6643, 0.6561, 0.6648, 0.6684, 0.6532, 0.6369, 0.6645, 0.6716, 0.6538, 0.6401, 0.6558, 0.6424, 0.6638, 0.6614, 0.6348], [0.6142, 0.6303, 0.6046, 0.6128, 0.6146, 0.612, 0.6103, 0.633, 0.627, 0.6045, 0.5937, 0.6359, 0.6253, 0.6076, 0.6132, 0.6379, 0.6574, 0.6026, 0.6465, 0.6084, 0.6303, 0.605]]	
Results: 	[[0.6681, 0.6793, 0.6671, 0.6705, 0.6312, 0.6736, 0.6362, 0.6817, 0.6438, 0.646, 0.6382, 0.6691, 0.6491, 0.6353, 0.6779, 0.6918, 0.6602, 0.6479, 0.6762, 0.6947, 0.6591, 0.6474, 0.6447], [0.6841, 0.6477, 0.6597, 0.6859, 0.6417, 0.6639, 0.6598, 0.6643, 0.6561, 0.6648, 0.6684, 0.6532, 0.6369, 0.6645, 0.6716, 0.6538, 0.6401, 0.6558, 0.6424, 0.6638, 0.6614, 0.6348, 0.6722], [0.6142, 0.6303, 0.6046, 0.6128, 0.6146, 0.612, 0.6103, 0.633, 0.627, 0.6045, 0.5937, 0.6359, 0.6253, 0.6076, 0.6132, 0.6379, 0.6574, 0.6026, 0.6465, 0.6084, 0.6303, 0.605, 0.6278]]	
Results: 	[[0.6681, 0.6793, 0.6671, 0.6705, 0.6312, 0.6736, 0.6362, 0.6817, 0.6438, 0.646, 0.6382, 0.6691, 0.6491, 0.6353, 0.6779, 0.6918, 0.6602, 0.6479, 0.6762, 0.6947, 0.6591, 0.6474, 0.6447, 0.6372], [0.6841, 0.6477, 0.6597, 0.6859, 0.6417, 0.6639, 0.6598, 0.6643, 0.6561, 0.6648, 0.6684, 0.6532, 0.6369, 0.6645, 0.6716, 0.6538, 0.6401, 0.6558, 0.6424, 0.6638, 0.6614, 0.6348, 0.6722, 0.6577], [0.6142, 0.6303, 0.6046, 0.6128, 0.6146, 0.612, 0.6103, 0.633, 0.627, 0.6045, 0.5937, 0.6359, 0.6253, 0.6076, 0.6132, 0.6379, 0.6574, 0.6026, 0.6465, 0.6084, 0.6303, 0.605, 0.6278, 0.6261]]	
Results: 	[[0.6681, 0.6793, 0.6671, 0.6705, 0.6312, 0.6736, 0.6362, 0.6817, 0.6438, 0.646, 0.6382, 0.6691, 0.6491, 0.6353, 0.6779, 0.6918, 0.6602, 0.6479, 0.6762, 0.6947, 0.6591, 0.6474, 0.6447, 0.6372, 0.6887], [0.6841, 0.6477, 0.6597, 0.6859, 0.6417, 0.6639, 0.6598, 0.6643, 0.6561, 0.6648, 0.6684, 0.6532, 0.6369, 0.6645, 0.6716, 0.6538, 0.6401, 0.6558, 0.6424, 0.6638, 0.6614, 0.6348, 0.6722, 0.6577, 0.6474], [0.6142, 0.6303, 0.6046, 0.6128, 0.6146, 0.612, 0.6103, 0.633, 0.627, 0.6045, 0.5937, 0.6359, 0.6253, 0.6076, 0.6132, 0.6379, 0.6574, 0.6026, 0.6465, 0.6084, 0.6303, 0.605, 0.6278, 0.6261, 0.6222]]	
Results: 	[[0.6681, 0.6793, 0.6671, 0.6705, 0.6312, 0.6736, 0.6362, 0.6817, 0.6438, 0.646, 0.6382, 0.6691, 0.6491, 0.6353, 0.6779, 0.6918, 0.6602, 0.6479, 0.6762, 0.6947, 0.6591, 0.6474, 0.6447, 0.6372, 0.6887, 0.6656], [0.6841, 0.6477, 0.6597, 0.6859, 0.6417, 0.6639, 0.6598, 0.6643, 0.6561, 0.6648, 0.6684, 0.6532, 0.6369, 0.6645, 0.6716, 0.6538, 0.6401, 0.6558, 0.6424, 0.6638, 0.6614, 0.6348, 0.6722, 0.6577, 0.6474, 0.6653], [0.6142, 0.6303, 0.6046, 0.6128, 0.6146, 0.612, 0.6103, 0.633, 0.627, 0.6045, 0.5937, 0.6359, 0.6253, 0.6076, 0.6132, 0.6379, 0.6574, 0.6026, 0.6465, 0.6084, 0.6303, 0.605, 0.6278, 0.6261, 0.6222, 0.6262]]	
Results: 	[[0.6681, 0.6793, 0.6671, 0.6705, 0.6312, 0.6736, 0.6362, 0.6817, 0.6438, 0.646, 0.6382, 0.6691, 0.6491, 0.6353, 0.6779, 0.6918, 0.6602, 0.6479, 0.6762, 0.6947, 0.6591, 0.6474, 0.6447, 0.6372, 0.6887, 0.6656, 0.6451], [0.6841, 0.6477, 0.6597, 0.6859, 0.6417, 0.6639, 0.6598, 0.6643, 0.6561, 0.6648, 0.6684, 0.6532, 0.6369, 0.6645, 0.6716, 0.6538, 0.6401, 0.6558, 0.6424, 0.6638, 0.6614, 0.6348, 0.6722, 0.6577, 0.6474, 0.6653, 0.6622], [0.6142, 0.6303, 0.6046, 0.6128, 0.6146, 0.612, 0.6103, 0.633, 0.627, 0.6045, 0.5937, 0.6359, 0.6253, 0.6076, 0.6132, 0.6379, 0.6574, 0.6026, 0.6465, 0.6084, 0.6303, 0.605, 0.6278, 0.6261, 0.6222, 0.6262, 0.6032]]	
Results: 	[[0.6681, 0.6793, 0.6671, 0.6705, 0.6312, 0.6736, 0.6362, 0.6817, 0.6438, 0.646, 0.6382, 0.6691, 0.6491, 0.6353, 0.6779, 0.6918, 0.6602, 0.6479, 0.6762, 0.6947, 0.6591, 0.6474, 0.6447, 0.6372, 0.6887, 0.6656, 0.6451, 0.6375], [0.6841, 0.6477, 0.6597, 0.6859, 0.6417, 0.6639, 0.6598, 0.6643, 0.6561, 0.6648, 0.6684, 0.6532, 0.6369, 0.6645, 0.6716, 0.6538, 0.6401, 0.6558, 0.6424, 0.6638, 0.6614, 0.6348, 0.6722, 0.6577, 0.6474, 0.6653, 0.6622, 0.6257], [0.6142, 0.6303, 0.6046, 0.6128, 0.6146, 0.612, 0.6103, 0.633, 0.627, 0.6045, 0.5937, 0.6359, 0.6253, 0.6076, 0.6132, 0.6379, 0.6574, 0.6026, 0.6465, 0.6084, 0.6303, 0.605, 0.6278, 0.6261, 0.6222, 0.6262, 0.6032, 0.6309]]	
Results: 	[[0.6681, 0.6793, 0.6671, 0.6705, 0.6312, 0.6736, 0.6362, 0.6817, 0.6438, 0.646, 0.6382, 0.6691, 0.6491, 0.6353, 0.6779, 0.6918, 0.6602, 0.6479, 0.6762, 0.6947, 0.6591, 0.6474, 0.6447, 0.6372, 0.6887, 0.6656, 0.6451, 0.6375, 0.6763], [0.6841, 0.6477, 0.6597, 0.6859, 0.6417, 0.6639, 0.6598, 0.6643, 0.6561, 0.6648, 0.6684, 0.6532, 0.6369, 0.6645, 0.6716, 0.6538, 0.6401, 0.6558, 0.6424, 0.6638, 0.6614, 0.6348, 0.6722, 0.6577, 0.6474, 0.6653, 0.6622, 0.6257, 0.6623], [0.6142, 0.6303, 0.6046, 0.6128, 0.6146, 0.612, 0.6103, 0.633, 0.627, 0.6045, 0.5937, 0.6359, 0.6253, 0.6076, 0.6132, 0.6379, 0.6574, 0.6026, 0.6465, 0.6084, 0.6303, 0.605, 0.6278, 0.6261, 0.6222, 0.6262, 0.6032, 0.6309, 0.6203]]	
Results: 	[[0.6681, 0.6793, 0.6671, 0.6705, 0.6312, 0.6736, 0.6362, 0.6817, 0.6438, 0.646, 0.6382, 0.6691, 0.6491, 0.6353, 0.6779, 0.6918, 0.6602, 0.6479, 0.6762, 0.6947, 0.6591, 0.6474, 0.6447, 0.6372, 0.6887, 0.6656, 0.6451, 0.6375, 0.6763, 0.6891], [0.6841, 0.6477, 0.6597, 0.6859, 0.6417, 0.6639, 0.6598, 0.6643, 0.6561, 0.6648, 0.6684, 0.6532, 0.6369, 0.6645, 0.6716, 0.6538, 0.6401, 0.6558, 0.6424, 0.6638, 0.6614, 0.6348, 0.6722, 0.6577, 0.6474, 0.6653, 0.6622, 0.6257, 0.6623, 0.6309], [0.6142, 0.6303, 0.6046, 0.6128, 0.6146, 0.612, 0.6103, 0.633, 0.627, 0.6045, 0.5937, 0.6359, 0.6253, 0.6076, 0.6132, 0.6379, 0.6574, 0.6026, 0.6465, 0.6084, 0.6303, 0.605, 0.6278, 0.6261, 0.6222, 0.6262, 0.6032, 0.6309, 0.6203, 0.646]]
30 Support Sets: (Mean:0.6609533333333333, SD:0.01940721041499664) | 	30 Support Sets: (Mean:0.6566133333333334, SD:0.014454106523832545) | 	30 Support Sets: (Mean:0.6209933333333333, SD:0.015115097119090572) | 	
	
